Vertex Count: 372

Data:

0 -9.1e-05 1 0 1 0.098 0 0.9952
0.19509 -9.1e-05 0.980785 0 0 0.098 0 0.9952
0 1.99991 1 1 1 0.098 0 0.9952
0.19509 -9.1e-05 0.980785 0 1 0.2903 0 0.9569
0.382683 -9.1e-05 0.92388 0 0 0.2903 0 0.9569
0.19509 1.99991 0.980785 1 1 0.2903 0 0.9569
0.382683 -9.1e-05 0.92388 0 1 0.4714 0 0.8819
0.55557 -9.1e-05 0.83147 0 0 0.4714 0 0.8819
0.382683 1.99991 0.92388 1 1 0.4714 0 0.8819
0.55557 -9.1e-05 0.83147 0 1 0.6344 0 0.773
0.707107 -9.1e-05 0.707107 0 0 0.6344 0 0.773
0.55557 1.99991 0.83147 1 1 0.6344 0 0.773
0.707107 -9.1e-05 0.707107 0 1 0.773 0 0.6344
0.83147 -9.1e-05 0.55557 0 0 0.773 0 0.6344
0.707107 1.99991 0.707107 1 1 0.773 0 0.6344
0.83147 -9.1e-05 0.55557 0 1 0.8819 0 0.4714
0.92388 -9.1e-05 0.382683 0 0 0.8819 0 0.4714
0.83147 1.99991 0.55557 1 1 0.8819 0 0.4714
0.92388 -9.1e-05 0.382683 0 1 0.9569 0 0.2903
0.980785 -9.1e-05 0.19509 0 0 0.9569 0 0.2903
0.92388 1.99991 0.382683 1 1 0.9569 0 0.2903
0.980785 -9.1e-05 0.19509 0 1 0.9952 0 0.098
1 -9.1e-05 0 0 0 0.9952 0 0.098
0.980785 1.99991 0.19509 1 1 0.9952 0 0.098
1 -9.1e-05 0 0 1 0.9952 0 -0.098
0.980785 -9.1e-05 -0.19509 0 0 0.9952 0 -0.098
1 1.99991 0 1 1 0.9952 0 -0.098
0.980785 -9.1e-05 -0.19509 0 1 0.9569 0 -0.2903
0.92388 -9.1e-05 -0.382683 0 0 0.9569 0 -0.2903
0.980785 1.99991 -0.19509 1 1 0.9569 0 -0.2903
0.92388 -9.1e-05 -0.382683 0 1 0.8819 0 -0.4714
0.83147 -9.1e-05 -0.55557 0 0 0.8819 0 -0.4714
0.92388 1.99991 -0.382683 1 1 0.8819 0 -0.4714
0.83147 -9.1e-05 -0.55557 0 1 0.773 0 -0.6344
0.707107 -9.1e-05 -0.707107 0 0 0.773 0 -0.6344
0.83147 1.99991 -0.55557 1 1 0.773 0 -0.6344
0.707107 -9.1e-05 -0.707107 0 1 0.6344 0 -0.773
0.55557 -9.1e-05 -0.83147 0 0 0.6344 0 -0.773
0.707107 1.99991 -0.707107 1 1 0.6344 0 -0.773
0.55557 -9.1e-05 -0.83147 0 1 0.4714 0 -0.8819
0.382683 -9.1e-05 -0.92388 0 0 0.4714 0 -0.8819
0.55557 1.99991 -0.83147 1 1 0.4714 0 -0.8819
0.382683 -9.1e-05 -0.92388 0 1 0.2903 0 -0.9569
0.19509 -9.1e-05 -0.980785 0 0 0.2903 0 -0.9569
0.382683 1.99991 -0.92388 1 1 0.2903 0 -0.9569
0.19509 -9.1e-05 -0.980785 0 1 0.098 0 -0.9952
-0 -9.1e-05 -1 0 0 0.098 0 -0.9952
0.19509 1.99991 -0.980785 1 1 0.098 0 -0.9952
-0 -9.1e-05 -1 0 1 -0.098 0 -0.9952
-0.195091 -9.1e-05 -0.980785 0 0 -0.098 0 -0.9952
-0 1.99991 -1 1 1 -0.098 0 -0.9952
-0.195091 -9.1e-05 -0.980785 0 1 -0.2903 0 -0.9569
-0.382684 -9.1e-05 -0.923879 0 0 -0.2903 0 -0.9569
-0.195091 1.99991 -0.980785 1 1 -0.2903 0 -0.9569
-0.382684 -9.1e-05 -0.923879 0 1 -0.4714 0 -0.8819
-0.555571 -9.1e-05 -0.831469 0 0 -0.4714 0 -0.8819
-0.382684 1.99991 -0.923879 1 1 -0.4714 0 -0.8819
-0.555571 -9.1e-05 -0.831469 0 1 -0.6344 0 -0.773
-0.707107 -9.1e-05 -0.707106 0 0 -0.6344 0 -0.773
-0.555571 1.99991 -0.831469 1 1 -0.6344 0 -0.773
-0.707107 -9.1e-05 -0.707106 0 1 -0.773 0 -0.6344
-0.83147 -9.1e-05 -0.55557 0 0 -0.773 0 -0.6344
-0.707107 1.99991 -0.707106 1 1 -0.773 0 -0.6344
-0.83147 -9.1e-05 -0.55557 0 1 -0.8819 0 -0.4714
-0.92388 -9.1e-05 -0.382683 0 0 -0.8819 0 -0.4714
-0.83147 1.99991 -0.55557 1 1 -0.8819 0 -0.4714
-0.92388 -9.1e-05 -0.382683 0 1 -0.9569 0 -0.2903
-0.980785 -9.1e-05 -0.195089 0 0 -0.9569 0 -0.2903
-0.92388 1.99991 -0.382683 1 1 -0.9569 0 -0.2903
-0.980785 -9.1e-05 -0.195089 0 1 -0.9952 0 -0.098
-1 -9.1e-05 1e-06 0 0 -0.9952 0 -0.098
-0.980785 1.99991 -0.195089 1 1 -0.9952 0 -0.098
-1 -9.1e-05 1e-06 0 1 -0.9952 0 0.098
-0.980785 -9.1e-05 0.195091 0 0 -0.9952 0 0.098
-1 1.99991 1e-06 1 1 -0.9952 0 0.098
-0.980785 -9.1e-05 0.195091 0 1 -0.9569 0 0.2903
-0.923879 -9.1e-05 0.382684 0 0 -0.9569 0 0.2903
-0.980785 1.99991 0.195091 1 1 -0.9569 0 0.2903
-0.923879 -9.1e-05 0.382684 0 1 -0.8819 0 0.4714
-0.831469 -9.1e-05 0.555571 0 0 -0.8819 0 0.4714
-0.923879 1.99991 0.382684 1 1 -0.8819 0 0.4714
-0.831469 -9.1e-05 0.555571 0 1 -0.773 0 0.6344
-0.707106 -9.1e-05 0.707108 0 0 -0.773 0 0.6344
-0.831469 1.99991 0.555571 1 1 -0.773 0 0.6344
-0.707106 -9.1e-05 0.707108 0 1 -0.6344 0 0.773
-0.555569 -9.1e-05 0.83147 0 0 -0.6344 0 0.773
-0.707106 1.99991 0.707108 1 1 -0.6344 0 0.773
-0.555569 -9.1e-05 0.83147 0 1 -0.4714 0 0.8819
-0.382682 -9.1e-05 0.92388 0 0 -0.4714 0 0.8819
-0.555569 1.99991 0.83147 1 1 -0.4714 0 0.8819
0.382683 1.99991 0.92388 0.4025 0.00959998 0 1 -0
0.92388 1.99991 -0.382683 0.0096 0.5975 0 1 -0
0.382683 1.99991 -0.92388 0.2222 0.9157 0 1 -0
-0.382682 -9.1e-05 0.92388 0 1 -0.2903 0 0.9569
-0.195089 -9.1e-05 0.980786 0 0 -0.2903 0 0.9569
-0.382682 1.99991 0.92388 1 1 -0.2903 0 0.9569
-0.195089 -9.1e-05 0.980786 0 1 -0.098 0 0.9952
0 -9.1e-05 1 0 0 -0.098 0 0.9952
-0.195089 1.99991 0.980786 1 1 -0.098 0 0.9952
0.980785 -9.1e-05 0.19509 0.9904 0.4025 0 -1 -0
-0.980785 -9.1e-05 -0.195089 0.0096 0.5975 0 -1 -0
0.19509 -9.1e-05 -0.980785 0.5975 0.9904 0 -1 -0
0.19509 -9.1e-05 0.980785 0 0 0.098 0 0.9952
0.19509 1.99991 0.980785 1 0 0.098 0 0.9952
0 1.99991 1 1 1 0.098 0 0.9952
0.382683 -9.1e-05 0.92388 0 0 0.2903 0 0.9569
0.382683 1.99991 0.92388 1 0 0.2903 0 0.9569
0.19509 1.99991 0.980785 1 1 0.2903 0 0.9569
0.55557 -9.1e-05 0.83147 0 0 0.4714 0 0.8819
0.55557 1.99991 0.83147 1 0 0.4714 0 0.8819
0.382683 1.99991 0.92388 1 1 0.4714 0 0.8819
0.707107 -9.1e-05 0.707107 0 0 0.6344 0 0.773
0.707107 1.99991 0.707107 1 0 0.6344 0 0.773
0.55557 1.99991 0.83147 1 1 0.6344 0 0.773
0.83147 -9.1e-05 0.55557 0 0 0.773 0 0.6344
0.83147 1.99991 0.55557 1 0 0.773 0 0.6344
0.707107 1.99991 0.707107 1 1 0.773 0 0.6344
0.92388 -9.1e-05 0.382683 0 0 0.8819 0 0.4714
0.92388 1.99991 0.382683 1 0 0.8819 0 0.4714
0.83147 1.99991 0.55557 1 1 0.8819 0 0.4714
0.980785 -9.1e-05 0.19509 0 0 0.9569 0 0.2903
0.980785 1.99991 0.19509 1 0 0.9569 0 0.2903
0.92388 1.99991 0.382683 1 1 0.9569 0 0.2903
1 -9.1e-05 0 0 0 0.9952 0 0.098
1 1.99991 0 1 0 0.9952 0 0.098
0.980785 1.99991 0.19509 1 1 0.9952 0 0.098
0.980785 -9.1e-05 -0.19509 0 0 0.9952 0 -0.098
0.980785 1.99991 -0.19509 1 0 0.9952 0 -0.098
1 1.99991 0 1 1 0.9952 0 -0.098
0.92388 -9.1e-05 -0.382683 0 0 0.9569 0 -0.2903
0.92388 1.99991 -0.382683 1 0 0.9569 0 -0.2903
0.980785 1.99991 -0.19509 1 1 0.9569 0 -0.2903
0.83147 -9.1e-05 -0.55557 0 0 0.8819 0 -0.4714
0.83147 1.99991 -0.55557 1 0 0.8819 0 -0.4714
0.92388 1.99991 -0.382683 1 1 0.8819 0 -0.4714
0.707107 -9.1e-05 -0.707107 0 0 0.773 0 -0.6344
0.707107 1.99991 -0.707107 1 0 0.773 0 -0.6344
0.83147 1.99991 -0.55557 1 1 0.773 0 -0.6344
0.55557 -9.1e-05 -0.83147 0 0 0.6344 0 -0.773
0.55557 1.99991 -0.83147 1 0 0.6344 0 -0.773
0.707107 1.99991 -0.707107 1 1 0.6344 0 -0.773
0.382683 -9.1e-05 -0.92388 0 0 0.4714 0 -0.8819
0.382683 1.99991 -0.92388 1 0 0.4714 0 -0.8819
0.55557 1.99991 -0.83147 1 1 0.4714 0 -0.8819
0.19509 -9.1e-05 -0.980785 0 0 0.2903 0 -0.9569
0.19509 1.99991 -0.980785 1 0 0.2903 0 -0.9569
0.382683 1.99991 -0.92388 1 1 0.2903 0 -0.9569
-0 -9.1e-05 -1 0 0 0.098 0 -0.9952
-0 1.99991 -1 1 0 0.098 0 -0.9952
0.19509 1.99991 -0.980785 1 1 0.098 0 -0.9952
-0.195091 -9.1e-05 -0.980785 0 0 -0.098 0 -0.9952
-0.195091 1.99991 -0.980785 1 0 -0.098 0 -0.9952
-0 1.99991 -1 1 1 -0.098 0 -0.9952
-0.382684 -9.1e-05 -0.923879 0 0 -0.2903 0 -0.9569
-0.382684 1.99991 -0.923879 1 0 -0.2903 0 -0.9569
-0.195091 1.99991 -0.980785 1 1 -0.2903 0 -0.9569
-0.555571 -9.1e-05 -0.831469 0 0 -0.4714 0 -0.8819
-0.555571 1.99991 -0.831469 1 0 -0.4714 0 -0.8819
-0.382684 1.99991 -0.923879 1 1 -0.4714 0 -0.8819
-0.707107 -9.1e-05 -0.707106 0 0 -0.6344 0 -0.773
-0.707107 1.99991 -0.707106 1 0 -0.6344 0 -0.773
-0.555571 1.99991 -0.831469 1 1 -0.6344 0 -0.773
-0.83147 -9.1e-05 -0.55557 0 0 -0.773 0 -0.6344
-0.83147 1.99991 -0.55557 1 0 -0.773 0 -0.6344
-0.707107 1.99991 -0.707106 1 1 -0.773 0 -0.6344
-0.92388 -9.1e-05 -0.382683 0 0 -0.8819 0 -0.4714
-0.92388 1.99991 -0.382683 1 0 -0.8819 0 -0.4714
-0.83147 1.99991 -0.55557 1 1 -0.8819 0 -0.4714
-0.980785 -9.1e-05 -0.195089 0 0 -0.9569 0 -0.2903
-0.980785 1.99991 -0.195089 1 0 -0.9569 0 -0.2903
-0.92388 1.99991 -0.382683 1 1 -0.9569 0 -0.2903
-1 -9.1e-05 1e-06 0 0 -0.9952 0 -0.098
-1 1.99991 1e-06 1 0 -0.9952 0 -0.098
-0.980785 1.99991 -0.195089 1 1 -0.9952 0 -0.098
-0.980785 -9.1e-05 0.195091 0 0 -0.9952 0 0.098
-0.980785 1.99991 0.195091 1 0 -0.9952 0 0.098
-1 1.99991 1e-06 1 1 -0.9952 0 0.098
-0.923879 -9.1e-05 0.382684 0 0 -0.9569 0 0.2903
-0.923879 1.99991 0.382684 1 0 -0.9569 0 0.2903
-0.980785 1.99991 0.195091 1 1 -0.9569 0 0.2903
-0.831469 -9.1e-05 0.555571 0 0 -0.8819 0 0.4714
-0.831469 1.99991 0.555571 1 0 -0.8819 0 0.4714
-0.923879 1.99991 0.382684 1 1 -0.8819 0 0.4714
-0.707106 -9.1e-05 0.707108 0 0 -0.773 0 0.6344
-0.707106 1.99991 0.707108 1 0 -0.773 0 0.6344
-0.831469 1.99991 0.555571 1 1 -0.773 0 0.6344
-0.555569 -9.1e-05 0.83147 0 0 -0.6344 0 0.773
-0.555569 1.99991 0.83147 1 0 -0.6344 0 0.773
-0.707106 1.99991 0.707108 1 1 -0.6344 0 0.773
-0.382682 -9.1e-05 0.92388 0 0 -0.4714 0 0.8819
-0.382682 1.99991 0.92388 1 0 -0.4714 0 0.8819
-0.555569 1.99991 0.83147 1 1 -0.4714 0 0.8819
0 1.99991 1 0.5975 0.00959998 0 1 -0
0.19509 1.99991 0.980785 0.5 0 0 1 -0
0.382683 1.99991 0.92388 0.4025 0.00959998 0 1 -0
0.382683 1.99991 0.92388 0.4025 0.00959998 0 1 -0
-0.195089 1.99991 0.980786 0.6913 0.0381 0 1 -0
0 1.99991 1 0.5975 0.00959998 0 1 -0
-0.707106 1.99991 0.707108 0.9157 0.2222 0 1 -0
-0.555569 1.99991 0.83147 0.8536 0.1464 0 1 -0
-0.382682 1.99991 0.92388 0.7778 0.0843 0 1 -0
-0.923879 1.99991 0.382684 0.9904 0.4025 0 1 -0
-0.831469 1.99991 0.555571 0.9619 0.3087 0 1 -0
-0.707106 1.99991 0.707108 0.9157 0.2222 0 1 -0
-1 1.99991 1e-06 0.9904 0.5975 0 1 -0
-0.980785 1.99991 0.195091 1 0.5 0 1 -0
-0.923879 1.99991 0.382684 0.9904 0.4025 0 1 -0
-0.923879 1.99991 0.382684 0.9904 0.4025 0 1 -0
-0.980785 1.99991 -0.195089 0.9619 0.6913 0 1 -0
-1 1.99991 1e-06 0.9904 0.5975 0 1 -0
-0.382684 1.99991 -0.923879 0.5975 0.9904 0 1 -0
-0.83147 1.99991 -0.55557 0.8536 0.8536 0 1 -0
-0.92388 1.99991 -0.382683 0.9157 0.7778 0 1 -0
-0.382684 1.99991 -0.923879 0.5975 0.9904 0 1 -0
-0.555571 1.99991 -0.831469 0.6913 0.9619 0 1 -0
-0.707107 1.99991 -0.707106 0.7778 0.9157 0 1 -0
-0 1.99991 -1 0.4025 0.9904 0 1 -0
-0.195091 1.99991 -0.980785 0.5 1 0 1 -0
-0.382684 1.99991 -0.923879 0.5975 0.9904 0 1 -0
-0.382684 1.99991 -0.923879 0.5975 0.9904 0 1 -0
0.19509 1.99991 -0.980785 0.3087 0.9619 0 1 -0
-0 1.99991 -1 0.4025 0.9904 0 1 -0
0.92388 1.99991 -0.382683 0.0096 0.5975 0 1 -0
0.55557 1.99991 -0.83147 0.1464 0.8536 0 1 -0
0.382683 1.99991 -0.92388 0.2222 0.9157 0 1 -0
0.92388 1.99991 -0.382683 0.0096 0.5975 0 1 -0
0.83147 1.99991 -0.55557 0.0381 0.6913 0 1 -0
0.707107 1.99991 -0.707107 0.0843 0.7778 0 1 -0
1 1.99991 0 0.0096 0.4025 0 1 -0
0.980785 1.99991 -0.19509 0 0.5 0 1 -0
0.92388 1.99991 -0.382683 0.0096 0.5975 0 1 -0
0.92388 1.99991 -0.382683 0.0096 0.5975 0 1 -0
0.980785 1.99991 0.19509 0.0381 0.3087 0 1 -0
1 1.99991 0 0.0096 0.4025 0 1 -0
0.707107 1.99991 0.707107 0.2222 0.0843 0 1 -0
0.83147 1.99991 0.55557 0.1464 0.1464 0 1 -0
0.92388 1.99991 0.382683 0.0843 0.2222 0 1 -0
0.382683 1.99991 0.92388 0.4025 0.00959998 0 1 -0
0.55557 1.99991 0.83147 0.3087 0.0381 0 1 -0
0.707107 1.99991 0.707107 0.2222 0.0843 0 1 -0
-0.382682 1.99991 0.92388 0.7778 0.0843 0 1 -0
-0.195089 1.99991 0.980786 0.6913 0.0381 0 1 -0
0.382683 1.99991 0.92388 0.4025 0.00959998 0 1 -0
-0.923879 1.99991 0.382684 0.9904 0.4025 0 1 -0
-0.707106 1.99991 0.707108 0.9157 0.2222 0 1 -0
-0.382682 1.99991 0.92388 0.7778 0.0843 0 1 -0
-0.92388 1.99991 -0.382683 0.9157 0.7778 0 1 -0
-0.980785 1.99991 -0.195089 0.9619 0.6913 0 1 -0
-0.923879 1.99991 0.382684 0.9904 0.4025 0 1 -0
-0.382684 1.99991 -0.923879 0.5975 0.9904 0 1 -0
-0.707107 1.99991 -0.707106 0.7778 0.9157 0 1 -0
-0.83147 1.99991 -0.55557 0.8536 0.8536 0 1 -0
0.382683 1.99991 -0.92388 0.2222 0.9157 0 1 -0
0.19509 1.99991 -0.980785 0.3087 0.9619 0 1 -0
-0.382684 1.99991 -0.923879 0.5975 0.9904 0 1 -0
0.92388 1.99991 -0.382683 0.0096 0.5975 0 1 -0
0.707107 1.99991 -0.707107 0.0843 0.7778 0 1 -0
0.55557 1.99991 -0.83147 0.1464 0.8536 0 1 -0
0.92388 1.99991 0.382683 0.0843 0.2222 0 1 -0
0.980785 1.99991 0.19509 0.0381 0.3087 0 1 -0
0.92388 1.99991 -0.382683 0.0096 0.5975 0 1 -0
0.92388 1.99991 -0.382683 0.0096 0.5975 0 1 -0
0.707107 1.99991 0.707107 0.2222 0.0843 0 1 -0
0.92388 1.99991 0.382683 0.0843 0.2222 0 1 -0
-0.923879 1.99991 0.382684 0.9904 0.4025 0 1 -0
-0.382682 1.99991 0.92388 0.7778 0.0843 0 1 -0
0.382683 1.99991 0.92388 0.4025 0.00959998 0 1 -0
-0.382684 1.99991 -0.923879 0.5975 0.9904 0 1 -0
-0.92388 1.99991 -0.382683 0.9157 0.7778 0 1 -0
-0.923879 1.99991 0.382684 0.9904 0.4025 0 1 -0
0.382683 1.99991 0.92388 0.4025 0.00959998 0 1 -0
0.382683 1.99991 -0.92388 0.2222 0.9157 0 1 -0
-0.382684 1.99991 -0.923879 0.5975 0.9904 0 1 -0
0.382683 1.99991 0.92388 0.4025 0.00959998 0 1 -0
0.707107 1.99991 0.707107 0.2222 0.0843 0 1 -0
0.92388 1.99991 -0.382683 0.0096 0.5975 0 1 -0
-0.382684 1.99991 -0.923879 0.5975 0.9904 0 1 -0
-0.923879 1.99991 0.382684 0.9904 0.4025 0 1 -0
0.382683 1.99991 0.92388 0.4025 0.00959998 0 1 -0
-0.195089 -9.1e-05 0.980786 0 0 -0.2903 0 0.9569
-0.195089 1.99991 0.980786 1 0 -0.2903 0 0.9569
-0.382682 1.99991 0.92388 1 1 -0.2903 0 0.9569
0 -9.1e-05 1 0 0 -0.098 0 0.9952
0 1.99991 1 1 0 -0.098 0 0.9952
-0.195089 1.99991 0.980786 1 1 -0.098 0 0.9952
0.19509 -9.1e-05 0.980785 0.5975 0.00959998 0 -1 -0
0 -9.1e-05 1 0.5 0 0 -1 -0
-0.195089 -9.1e-05 0.980786 0.4025 0.00959998 0 -1 -0
0.55557 -9.1e-05 0.83147 0.7778 0.0843 0 -1 -0
0.382683 -9.1e-05 0.92388 0.6913 0.0381 0 -1 -0
0.19509 -9.1e-05 0.980785 0.5975 0.00959998 0 -1 -0
0.83147 -9.1e-05 0.55557 0.9157 0.2222 0 -1 -0
0.707107 -9.1e-05 0.707107 0.8536 0.1464 0 -1 -0
0.55557 -9.1e-05 0.83147 0.7778 0.0843 0 -1 -0
0.55557 -9.1e-05 0.83147 0.7778 0.0843 0 -1 -0
0.92388 -9.1e-05 0.382683 0.9619 0.3087 0 -1 -0
0.83147 -9.1e-05 0.55557 0.9157 0.2222 0 -1 -0
0.980785 -9.1e-05 -0.19509 0.9904 0.5975 0 -1 -0
1 -9.1e-05 0 1 0.5 0 -1 -0
0.980785 -9.1e-05 0.19509 0.9904 0.4025 0 -1 -0
0.980785 -9.1e-05 0.19509 0.9904 0.4025 0 -1 -0
0.92388 -9.1e-05 -0.382683 0.9619 0.6913 0 -1 -0
0.980785 -9.1e-05 -0.19509 0.9904 0.5975 0 -1 -0
0.19509 -9.1e-05 -0.980785 0.5975 0.9904 0 -1 -0
0.707107 -9.1e-05 -0.707107 0.8536 0.8536 0 -1 -0
0.83147 -9.1e-05 -0.55557 0.9157 0.7778 0 -1 -0
0.19509 -9.1e-05 -0.980785 0.5975 0.9904 0 -1 -0
0.382683 -9.1e-05 -0.92388 0.6913 0.9619 0 -1 -0
0.55557 -9.1e-05 -0.83147 0.7778 0.9157 0 -1 -0
-0.195091 -9.1e-05 -0.980785 0.4025 0.9904 0 -1 -0
-0 -9.1e-05 -1 0.5 1 0 -1 -0
0.19509 -9.1e-05 -0.980785 0.5975 0.9904 0 -1 -0
-0.555571 -9.1e-05 -0.831469 0.2222 0.9157 0 -1 -0
-0.382684 -9.1e-05 -0.923879 0.3087 0.9619 0 -1 -0
-0.195091 -9.1e-05 -0.980785 0.4025 0.9904 0 -1 -0
-0.83147 -9.1e-05 -0.55557 0.0843 0.7778 0 -1 -0
-0.707107 -9.1e-05 -0.707106 0.1464 0.8536 0 -1 -0
-0.555571 -9.1e-05 -0.831469 0.2222 0.9157 0 -1 -0
-0.980785 -9.1e-05 -0.195089 0.0096 0.5975 0 -1 -0
-0.92388 -9.1e-05 -0.382683 0.0381 0.6913 0 -1 -0
-0.83147 -9.1e-05 -0.55557 0.0843 0.7778 0 -1 -0
-0.980785 -9.1e-05 0.195091 0.0096 0.4025 0 -1 -0
-1 -9.1e-05 1e-06 0 0.5 0 -1 -0
-0.980785 -9.1e-05 -0.195089 0.0096 0.5975 0 -1 -0
-0.831469 -9.1e-05 0.555571 0.0843 0.2222 0 -1 -0
-0.923879 -9.1e-05 0.382684 0.0381 0.3087 0 -1 -0
-0.980785 -9.1e-05 0.195091 0.0096 0.4025 0 -1 -0
-0.195089 -9.1e-05 0.980786 0.4025 0.00959998 0 -1 -0
-0.707106 -9.1e-05 0.707108 0.1464 0.1464 0 -1 -0
-0.831469 -9.1e-05 0.555571 0.0843 0.2222 0 -1 -0
-0.195089 -9.1e-05 0.980786 0.4025 0.00959998 0 -1 -0
-0.382682 -9.1e-05 0.92388 0.3087 0.0381 0 -1 -0
-0.555569 -9.1e-05 0.83147 0.2222 0.0843 0 -1 -0
0.980785 -9.1e-05 0.19509 0.9904 0.4025 0 -1 -0
0.19509 -9.1e-05 0.980785 0.5975 0.00959998 0 -1 -0
-0.195089 -9.1e-05 0.980786 0.4025 0.00959998 0 -1 -0
0.980785 -9.1e-05 0.19509 0.9904 0.4025 0 -1 -0
0.92388 -9.1e-05 0.382683 0.9619 0.3087 0 -1 -0
0.55557 -9.1e-05 0.83147 0.7778 0.0843 0 -1 -0
0.83147 -9.1e-05 -0.55557 0.9157 0.7778 0 -1 -0
0.92388 -9.1e-05 -0.382683 0.9619 0.6913 0 -1 -0
0.980785 -9.1e-05 0.19509 0.9904 0.4025 0 -1 -0
0.19509 -9.1e-05 -0.980785 0.5975 0.9904 0 -1 -0
0.55557 -9.1e-05 -0.83147 0.7778 0.9157 0 -1 -0
0.707107 -9.1e-05 -0.707107 0.8536 0.8536 0 -1 -0
-0.980785 -9.1e-05 -0.195089 0.0096 0.5975 0 -1 -0
-0.195091 -9.1e-05 -0.980785 0.4025 0.9904 0 -1 -0
0.19509 -9.1e-05 -0.980785 0.5975 0.9904 0 -1 -0
-0.980785 -9.1e-05 -0.195089 0.0096 0.5975 0 -1 -0
-0.83147 -9.1e-05 -0.55557 0.0843 0.7778 0 -1 -0
-0.555571 -9.1e-05 -0.831469 0.2222 0.9157 0 -1 -0
-0.195089 -9.1e-05 0.980786 0.4025 0.00959998 0 -1 -0
-0.980785 -9.1e-05 0.195091 0.0096 0.4025 0 -1 -0
-0.980785 -9.1e-05 -0.195089 0.0096 0.5975 0 -1 -0
-0.195089 -9.1e-05 0.980786 0.4025 0.00959998 0 -1 -0
-0.555569 -9.1e-05 0.83147 0.2222 0.0843 0 -1 -0
-0.707106 -9.1e-05 0.707108 0.1464 0.1464 0 -1 -0
0.980785 -9.1e-05 0.19509 0.9904 0.4025 0 -1 -0
0.55557 -9.1e-05 0.83147 0.7778 0.0843 0 -1 -0
0.19509 -9.1e-05 0.980785 0.5975 0.00959998 0 -1 -0
0.19509 -9.1e-05 -0.980785 0.5975 0.9904 0 -1 -0
0.83147 -9.1e-05 -0.55557 0.9157 0.7778 0 -1 -0
0.980785 -9.1e-05 0.19509 0.9904 0.4025 0 -1 -0
-0.980785 -9.1e-05 -0.195089 0.0096 0.5975 0 -1 -0
-0.555571 -9.1e-05 -0.831469 0.2222 0.9157 0 -1 -0
-0.195091 -9.1e-05 -0.980785 0.4025 0.9904 0 -1 -0
-0.195089 -9.1e-05 0.980786 0.4025 0.00959998 0 -1 -0
-0.831469 -9.1e-05 0.555571 0.0843 0.2222 0 -1 -0
-0.980785 -9.1e-05 0.195091 0.0096 0.4025 0 -1 -0
-0.980785 -9.1e-05 -0.195089 0.0096 0.5975 0 -1 -0
0.980785 -9.1e-05 0.19509 0.9904 0.4025 0 -1 -0
-0.195089 -9.1e-05 0.980786 0.4025 0.00959998 0 -1 -0
